Original Input: [50000, 1, 2, 1, 46, 0, 0, 0, 0, 0, 0, 47929, 48905, 49764, 36535, 32428, 15313, 2078, 1800, 1430, 1000, 1000, 1000]
Counterfactual at location: 0,0: [50000, 1, 2, 1, 46, 0, 0, 0, 0, 0, 0, 47929, 48905, 49764, 37608.11958899026, 32428, 15313, 2078, 1800, 1430, 1000, 1000, 1000] Fitness: [[0.]]
Counterfactual at location: 0,1: None
Counterfactual at location: 0,2: None
Counterfactual at location: 0,3: None
Counterfactual at location: 0,4: None
Counterfactual at location: 0,5: None
Counterfactual at location: 0,6: None
Counterfactual at location: 0,7: None
Counterfactual at location: 1,0: [50000, 1, 2, 1, 46, 0.0, 0.0, 0.0, 0.0, 0.0, 0, 47929, 48905, 49764, 51577.73034472438, 32428, 15313, 2078, 1800, 1430, 1000, 1000, 1000] Fitness: [[0.11838263]]
Counterfactual at location: 1,1: [50000, 1, 5260.311762193608, 1, 46, 0, 0.0, 0.0, 0, 0, 0, 47929, 48905, 49764, 37608.11958899026, 32428, 15313, 2078, 1800, 1430, 1000, 1000, 1000] Fitness: [[0.22603959]]
Counterfactual at location: 1,2: [50000, 5595.900087337819, 5260.311762193608, 1, 46, 0.0, 0.0, 0.0, 0, 0, 0, 47929, 48905, 49764, 37608.11958899026, 32428, 15313, 2078, 1800, 1430, 1000, 1000, 1000] Fitness: [[0.25323236]]
Counterfactual at location: 1,3: [50000.36982232727, 5595.900087337819, 5260.311762193608, 1, 46, 0.0, 0, 0.0, 0.0, 0.0, 0, 47929, 48905, 49764, 37608.11958899026, 32428, 15313, 2078, 1800, 1430, 1000, 1000, 1000] Fitness: [[0.25323027]]
Counterfactual at location: 1,4: None
Counterfactual at location: 1,5: None
Counterfactual at location: 1,6: None
Counterfactual at location: 1,7: None
Counterfactual at location: 2,0: [50000, 1, 2, 1, 46, 0.0, 0.0, 0.0, 0.0, 0.0, 0, 47929, 48905, 49764, 37608.11958899026, 32428, 15313, 2078, 1800, 1430, 1000, 5246.38568121507, 1000] Fitness: [[0.22050399]]
Counterfactual at location: 2,1: [50000, 1, 5260.311762193608, 1, 46, 0.0, 0.0, 0.0, 0, 0, 0, 47929, 48905, 49764, 37608.11958899026, 32428, 15313, 2078, 1800, 1430, 1000, 1000, 5215.391474809184] Fitness: [[0.24975199]]
Counterfactual at location: 2,2: [50000, 5595.900087337819, 5260.311762193608, 1, 46, 0.0, 0.0, 0.0, 0, 0, 0, 47929, 48905, 49764, 37608.11958899026, 32428, 15313, 2078, 1800, 1430, 1000, 1000, 5215.391474809184] Fitness: [[0.27694476]]
Counterfactual at location: 2,3: [50000.36982232727, 5595.900087337819, 5260.311762193608, 1, 46, 0.0, 0.0, 0.0, 0.0, 0.0, 0, 47929, 48905, 49764, 37608.11958899026, 32428, 15313, 2078, 1800, 1430, 1000, 1000, 5215.391474809184] Fitness: [[0.27694267]]
Counterfactual at location: 2,4: None
Counterfactual at location: 2,5: None
Counterfactual at location: 2,6: None
Counterfactual at location: 2,7: None
Counterfactual at location: 3,0: [50000, 1, 2, 1, 46, 0.0, 0.0, 0.0, 0.0, 0.0, 0, 47929, 48905, 49764, 37608.11958899026, 32428, 15313, 2078, 1800, 1430, 1000, 5246.38568121507, 5215.391474809184] Fitness: [[0.24421126]]
Counterfactual at location: 3,1: [50000, 1, 5260.311762193608, 1, 46, 0, 0.0, 0.0, 0.0, 0.0, 0.0, 47929, 48905, 49764, 37608.11958899026, 32428, 15313, 2078, 1800, 1430, 1000, 5246.38568121507, 5215.391474809184] Fitness: [[0.2732913]]
Counterfactual at location: 3,2: [50000, 5595.900087337819, 5260.311762193608, 1, 46, 0, 0.0, 0.0, 0.0, 0.0, 0.0, 47929, 48905, 49764, 37608.11958899026, 32428, 15313, 2078, 1800, 1430, 1000, 5246.38568121507, 5215.391474809184] Fitness: [[0.30048406]]
Counterfactual at location: 3,3: [50000.36982232727, 5595.900087337819, 5260.311762193608, 1, 46, 0.0, 0.0, 0.0, 0.0, 0, 0.0, 47929, 48905, 49764, 37608.11958899026, 32428, 15313, 2078, 1800, 1430, 1000, 5246.38568121507, 5215.391474809184] Fitness: [[0.30048198]]
Counterfactual at location: 3,4: None
Counterfactual at location: 3,5: None
Counterfactual at location: 3,6: None
Counterfactual at location: 3,7: None
Counterfactual at location: 4,0: [50000, 1, 2, 1, 46, 0.0, 0.0, 0.0, 0.0, 0.0, 0.0, 47929, 48905, 49764, 37608.11958899026, 32428, 15313, 2078, 1800, 1430, 5265.217255061664, 5246.38568121507, 5215.391474809184] Fitness: [[0.2676497]]
Counterfactual at location: 4,1: [50000, 1, 5260.311762193608, 1, 46, 0, 0.0, 0.0, 0.0, 0, 0, 47929, 48905, 49764, 37608.11958899026, 32428, 15313, 2078, 1800, 1430, 5265.217255061664, 5246.38568121507, 5215.391474809184] Fitness: [[0.29672462]]
Counterfactual at location: 4,2: [50000, 5595.900087337819, 5260.311762193608, 1, 46, 0, 0.0, 0.0, 0.0, 0, 0.0, 47929, 48905, 49764, 37608.11958899026, 32428, 15313, 2078, 1800, 1430, 5265.217255061664, 5246.38568121507, 5215.391474809184] Fitness: [[0.3239174]]
Counterfactual at location: 4,3: [50000.36982232727, 5595.900087337819, 5260.311762193608, 1, 46, 0, 0.0, 0.0, 0.0, 0.0, 0.0, 47929, 48905, 49764, 37608.11958899026, 32428, 15313, 2078, 1800, 1430, 5265.217255061664, 5246.38568121507, 5215.391474809184] Fitness: [[0.3239153]]
Counterfactual at location: 4,4: None
Counterfactual at location: 4,5: None
Counterfactual at location: 4,6: None
Counterfactual at location: 4,7: None
Counterfactual at location: 5,0: [50000, 1, 2, 1, 46, 0.0, 0.0, 0.0, 0.0, 0, 0, 47929, 48905, 49764, 37608.11958899026, 32428, 15313, 2078, 1800, 5219.36159778346, 5265.217255061664, 5246.38568121507, 5215.391474809184] Fitness: [[0.2889222]]
Counterfactual at location: 5,1: [50000, 1, 5260.311762193608, 1, 46, 0.0, 0.0, 0.0, 0.0, 0.0, 0.0, 47929, 48905, 49764, 37608.11958899026, 32428, 15313, 2078, 1800, 5219.36159778346, 5265.217255061664, 5246.38568121507, 5215.391474809184] Fitness: [[0.3179971]]
Counterfactual at location: 5,2: [50000, 5595.900087337819, 5260.311762193608, 1, 46, 0.0, 0.0, 0.0, 0.0, 0, 0.0, 47929, 48905, 49764, 37608.11958899026, 32428, 15313, 2078, 1800, 5219.36159778346, 5265.217255061664, 5246.38568121507, 5215.391474809184] Fitness: [[0.34518987]]
Counterfactual at location: 5,3: [50000.36982232727, 5595.900087337819, 5260.311762193608, 1, 46, 0.0, 0.0, 0.0, 0.0, 0.0, 0.0, 47929, 48905, 49764, 37608.11958899026, 32428, 15313, 2078, 1800, 5219.36159778346, 5265.217255061664, 5246.38568121507, 5215.391474809184] Fitness: [[0.34518778]]
Counterfactual at location: 5,4: None
Counterfactual at location: 5,5: None
Counterfactual at location: 5,6: None
Counterfactual at location: 5,7: None
Counterfactual at location: 6,0: [50000, 1, 2, 1, 46, 0.0, 0, 0.0, 0, 0.0, 0.0, 47929, 48905, 49764, 37608.11958899026, 32428, 15313, 2078, 5440.513345646703, 5219.36159778346, 5265.217255061664, 5246.38568121507, 5215.391474809184] Fitness: [[0.30686933]]
Counterfactual at location: 6,1: [50000, 1, 5260.311762193608, 1, 46, 0.0, 0.0, 0.0, 0.0, 0.0, 0.0, 47929, 48905, 49764, 37608.11958899026, 32428, 15313, 2078, 5440.513345646703, 5219.36159778346, 5265.217255061664, 5246.38568121507, 5215.391474809184] Fitness: [[0.33594424]]
Counterfactual at location: 6,2: [50000, 5595.900087337819, 5260.311762193608, 1, 46, 0, 0.0, 0.0, 0.0, 0, 0.0, 47929, 48905, 49764, 37608.11958899026, 32428, 15313, 2078, 5440.513345646703, 5219.36159778346, 5265.217255061664, 5246.38568121507, 5215.391474809184] Fitness: [[0.363137]]
Counterfactual at location: 6,3: [50000.36982232727, 5595.900087337819, 5260.311762193608, 1, 46, 0.0, 0.0, 0.0, 0.0, 0.0, 0, 47929, 48905, 49764, 37608.11958899026, 32428, 15313, 2078, 5440.513345646703, 5219.36159778346, 5265.217255061664, 5246.38568121507, 5215.391474809184] Fitness: [[0.36313492]]
Counterfactual at location: 6,4: None
Counterfactual at location: 6,5: None
Counterfactual at location: 6,6: None
Counterfactual at location: 6,7: None
Counterfactual at location: 7,0: [50000, 1, 2, 1, 46, 0.0, 0.0, 0.0, 0.0, 0, 0, 47929, 48905, 49764, 37608.11958899026, 32428, 15313, 5363.133481308545, 5440.513345646703, 5219.36159778346, 5265.217255061664, 5246.38568121507, 5215.391474809184] Fitness: [[0.3236879]]
Counterfactual at location: 7,1: [50000, 1, 5260.311762193608, 1, 46, 0.0, 0.0, 0.0, 0.0, 0.0, 0.0, 47929, 48905, 49764, 37608.11958899026, 32428, 15313, 5363.133481308545, 5440.513345646703, 5219.36159778346, 5265.217255061664, 5246.38568121507, 5215.391474809184] Fitness: [[0.35276282]]
Counterfactual at location: 7,2: [50000, 5595.900087337819, 5260.311762193608, 1, 46, 0, 0.0, 0.0, 0.0, 0.0, 0.0, 47929, 48905, 49764, 37608.11958899026, 32428, 15313, 5363.133481308545, 5440.513345646703, 5219.36159778346, 5265.217255061664, 5246.38568121507, 5215.391474809184] Fitness: [[0.3799556]]
Counterfactual at location: 7,3: [50000.36982232727, 5595.900087337819, 5260.311762193608, 1, 46, 0.0, 0.0, 0.0, 0.0, 0.0, 0, 47929, 48905, 49764, 37608.11958899026, 32428, 15313, 5363.133481308545, 5440.513345646703, 5219.36159778346, 5265.217255061664, 5246.38568121507, 5215.391474809184] Fitness: [[0.3799535]]
Counterfactual at location: 7,4: None
Counterfactual at location: 7,5: None
Counterfactual at location: 7,6: None
Counterfactual at location: 7,7: None
