,X1,X2,X3,X4,X5,X6,X7,X8,X9,X10,X11,X12,X13,X14,X15,X16,X17,X18,X19,X20,X21,X22,X23,Y
ID,LIMIT_BAL,SEX,EDUCATION,MARRIAGE,AGE,PAY_0,PAY_2,PAY_3,PAY_4,PAY_5,PAY_6,BILL_AMT1,BILL_AMT2,BILL_AMT3,BILL_AMT4,BILL_AMT5,BILL_AMT6,PAY_AMT1,PAY_AMT2,PAY_AMT3,PAY_AMT4,PAY_AMT5,PAY_AMT6,default payment next month
Original Input: [30000, 2, 2, 2, 22, 0, 0, 0, 0, 0, 0, 28387, 29612, 30326, 28004, 26446, 6411, 1686, 1400, 560, 3000, 1765, 0]Original Label: [[1.]]
Counterfactual at location: 0,0: [2934, 2, 1, 2, 22, 0, 0, 0, 0, 0, 0, 28387, 29612, 30273, 24109, 35032, 6519, 1686, 1400, -42, 3000, 1805, 0] Fitness: [[1.8520933]] Classifier Val: [[2.0177741e-32]]
Counterfactual at location: 0,1: [2934, 2, 2, 2, 22, 0, 0, 0, 0, 0, 0, 28387, 29612, 30273, 22905, 34870, 6519, 1686, 1400, -42, 3000, 1805, 0] Fitness: [[1.8938549]] Classifier Val: [[0.]]
Counterfactual at location: 0,2: [2934, 2, 3, 2, 22, 0, 0, 0, 0, 0, 0, 28387, 29612, 30273, 24109, 35032, 6519, 1686, 1400, -42, 3000, 1805, 0] Fitness: [[1.8520933]] Classifier Val: [[6.780212e-32]]
Counterfactual at location: 0,3: [2934, 2, 4, 2, 22, 0, 0, 0, 0, 0, 0, 28387, 29612, 30273, 24109, 35032, 6519, 1686, 1400, -42, 3000, 1805, 0] Fitness: [[1.8520933]] Classifier Val: [[1.24095e-31]]
Counterfactual at location: 1,0: [5106, 2, 1, 2, 22, 0, 0, 0, 0, 0, 0, 28387, 29612, 30273, 24109, 34782, 6519, 1686, 1400, -42, 3000, 1805, 0] Fitness: [[1.8554771]] Classifier Val: [[0.]]
Counterfactual at location: 1,1: [5106, 2, 2, 2, 22, 0, 0, 0, 0, 0, 0, 28387, 29612, 30273, 24109, 34797, 6519, 1686, 1400, -42, 3000, 1805, 0] Fitness: [[1.898941]] Classifier Val: [[0.]]
Counterfactual at location: 1,2: [5106, 2, 3, 2, 22, 0, 0, 0, 0, 0, 0, 28387, 29612, 30273, 28004, 39398, 6519, 1686, 1400, -42, 3000, 1805, 0] Fitness: [[1.8576512]] Classifier Val: [[0.]]
Counterfactual at location: 1,3: [5106, 2, 4, 2, 22, 0, 0, 0, 0, 0, 0, 28387, 29612, 30273, 24109, 34797, 6519, 1686, 1400, -42, 3000, 1805, 0] Fitness: [[1.8554628]] Classifier Val: [[0.]]
Counterfactual at location: 2,0: [8661, 2, 1, 2, 22, 0, 0, 0, 0, 0, 0, 28387, 29612, 30273, 24109, 34797, 6519, 1686, 1400, -42, 3000, 1805, 0] Fitness: [[1.860615]] Classifier Val: [[0.]]
Counterfactual at location: 2,1: [8661, 2, 2, 2, 22, 0, 0, 0, 0, 0, 0, 28387, 29612, 30273, 24109, 34797, 6519, 1686, 1400, -42, 3000, 1805, 0] Fitness: [[1.9040933]] Classifier Val: [[0.]]
Counterfactual at location: 2,2: [8661, 2, 3, 2, 22, 0, 0, 0, 0, 0, 0, 28387, 29612, 30273, 24109, 34797, 6519, 1686, 1400, -42, 3000, 1805, 0] Fitness: [[1.860615]] Classifier Val: [[0.]]
Counterfactual at location: 2,3: [8661, 2, 4, 2, 22, 0, 0, 0, 0, 0, 0, 28387, 29612, 30273, 24109, 34797, 6519, 1686, 1400, -42, 3000, 1805, 0] Fitness: [[1.860615]] Classifier Val: [[0.]]
Counterfactual at location: 3,0: [11120, 2, 1, 2, 22, 0, 0, 0, 0, 0, 0, 28387, 29612, 30273, 24603, 34501, 6519, 1686, 1400, -42, 3000, 1805, 0] Fitness: [[1.8652292]] Classifier Val: [[0.]]
Counterfactual at location: 3,1: [11120, 2, 2, 2, 22, 0, 0, 0, 0, 0, 0, 28387, 29612, 30273, 24109, 34797, 6519, 1686, 1400, -42, 3000, 1805, 0] Fitness: [[1.907657]] Classifier Val: [[0.]]
Counterfactual at location: 3,2: [11120, 2, 3, 2, 22, 0, 0, 0, 0, 0, 0, 28387, 29612, 30273, 24109, 34501, 6519, 1686, 1400, -42, 3000, 1805, 0] Fitness: [[1.8644624]] Classifier Val: [[0.]]
Counterfactual at location: 3,3: [11120, 2, 4, 2, 22, 0, 0, 0, 0, 0, 0, 28387, 29612, 30273, 24603, 34501, 6519, 1686, 1400, -42, 3000, 1805, 0] Fitness: [[1.8652292]] Classifier Val: [[0.]]
Counterfactual at location: 4,0: [14635, 2, 1, 2, 22, 0, 0, 0, 0, 0, 0, 28387, 29612, 30273, 25633, 34870, 6519, 1686, 1400, -42, 3000, 1805, 0] Fitness: [[1.8715699]] Classifier Val: [[0.]]
Counterfactual at location: 4,1: [14635, 2, 2, 2, 22, 0, 0, 0, 0, 0, 0, 28387, 29612, 30273, 25633, 34870, 6519, 1686, 1400, -42, 3000, 1805, 0] Fitness: [[1.9150481]] Classifier Val: [[0.]]
Counterfactual at location: 4,2: [14635, 2, 3, 2, 22, 0, 0, 0, 0, 0, 0, 28387, 29612, 30273, 25633, 34870, 6519, 1686, 1400, -42, 3000, 1805, 0] Fitness: [[1.8715699]] Classifier Val: [[0.]]
Counterfactual at location: 4,3: [14635, 2, 4, 2, 22, 0, 0, 0, 0, 0, 0, 28387, 29612, 30273, 25633, 34797, 6519, 1686, 1400, -42, 3000, 1805, 0] Fitness: [[1.8716391]] Classifier Val: [[6.5645684e-31]]
Counterfactual at location: 5,0: [17825, 2, 1, 2, 22, 0, 0, 0, 0, 0, 0, 28387, 29612, 30273, 28004, 39398, 6519, 1686, 1400, -42, 3000, 1805, 0] Fitness: [[1.8760846]] Classifier Val: [[0.]]
Counterfactual at location: 5,1: [17825, 2, 2, 2, 22, 0, 0, 0, 0, 0, 0, 28387, 29612, 30273, 24109, 33714, 6519, 1686, 1400, -42, 3000, 1805, 0] Fitness: [[1.9184359]] Classifier Val: [[0.]]
Counterfactual at location: 5,2: [17825, 2, 3, 2, 22, 0, 0, 0, 0, 0, 0, 28387, 29612, 30273, 24109, 33714, 6519, 1686, 1400, -42, 3000, 1805, 0] Fitness: [[1.8749577]] Classifier Val: [[0.]]
Counterfactual at location: 5,3: [17825, 2, 4, 2, 22, 0, 0, 0, 0, 0, 0, 28387, 29612, 30273, 24109, 33714, 6519, 1686, 1400, -42, 3000, 1805, 0] Fitness: [[1.8749577]] Classifier Val: [[0.]]
Counterfactual at location: 6,0: [18944, 2, 1, 2, 22, 0, 0, 0, 0, 0, 0, 28387, 29612, 30273, 28004, 39398, 6519, 1686, 1400, -42, 3000, 1805, 0] Fitness: [[1.8777063]] Classifier Val: [[0.]]
Counterfactual at location: 6,1: [18944, 2, 2, 2, 22, 0, 0, 0, 0, 0, 0, 28387, 29612, 30273, 22905, 33714, 6519, 1686, 1400, -42, 3000, 1805, 0] Fitness: [[1.9181883]] Classifier Val: [[0.]]
Counterfactual at location: 6,2: [18944, 2, 3, 2, 22, 0, 0, 0, 0, 0, 0, 28387, 29612, 30273, 28004, 39398, 6519, 1686, 1400, -42, 3000, 1805, 0] Fitness: [[1.8777063]] Classifier Val: [[0.]]
Counterfactual at location: 6,3: [18944, 2, 4, 2, 22, 0, 0, 0, 0, 0, 0, 28387, 29612, 30273, 28004, 39398, 6519, 1686, 1400, -42, 3000, 1805, 0] Fitness: [[1.8777063]] Classifier Val: [[0.]]
Counterfactual at location: 7,0: [22116, 2, 1, 2, 22, 0, 0, 0, 0, 0, 0, 28387, 29612, 30273, 24109, 33714, 6519, 1686, 1400, -42, 3000, 1805, 0] Fitness: [[1.8811765]] Classifier Val: [[0.]]
Counterfactual at location: 7,1: [23140, 2, 2, 2, 22, 0, 0, 0, 0, 0, 0, 28387, 29612, 30273, 24109, 34870, 6519, 1686, 1400, -42, 3000, 1805, 0] Fitness: [[1.9250082]] Classifier Val: [[0.]]
Counterfactual at location: 7,2: [22116, 2, 3, 2, 22, 0, 0, 0, 0, 0, 0, 28387, 29612, 30273, 24109, 33847, 6519, 1686, 1400, -42, 3000, 1805, 0] Fitness: [[1.8810425]] Classifier Val: [[0.]]
Counterfactual at location: 7,3: [22116, 2, 4, 2, 22, 0, 0, 0, 0, 0, 0, 28387, 29612, 30273, 28004, 39398, 6519, 1686, 1400, -42, 3000, 1805, 0] Fitness: [[1.8823034]] Classifier Val: [[0.]]
Counterfactual at location: 8,0: [26522, 2, 1, 2, 22, 0, 0, 0, 0, 0, 0, 28387, 29612, 30273, 24109, 33847, 6519, 1686, 1400, -42, 3000, 1805, 0] Fitness: [[1.887428]] Classifier Val: [[1.3915911e-31]]
Counterfactual at location: 8,1: [24283, 2, 2, 2, 22, 0, 0, 0, 0, 0, 0, 28387, 29612, 30273, 24109, 33375, 6519, 1686, 1372, -42, 3000, 1805, 0] Fitness: [[1.9272722]] Classifier Val: [[9.661207e-25]]
Counterfactual at location: 8,2: [26522, 2, 3, 2, 22, 0, 0, 0, 0, 0, 0, 28387, 29612, 30273, 28004, 39398, 6519, 1686, 1400, -42, 3000, 1805, 0] Fitness: [[1.8886888]] Classifier Val: [[0.]]
Counterfactual at location: 8,3: [26522, 2, 4, 2, 22, 0, 0, 0, 0, 0, 0, 28387, 29612, 30273, 24109, 33847, 6519, 1686, 1400, -42, 3000, 1805, 0] Fitness: [[1.887428]] Classifier Val: [[1.9046936e-31]]
Counterfactual at location: 9,0: [29791, 2, 1, 2, 22, 0, 0, 0, 0, 0, 0, 28387, 29612, 30273, 24109, 30982, 6519, 1686, 1400, -42, 3000, 1805, 0] Fitness: [[1.8953071]] Classifier Val: [[0.]]
Counterfactual at location: 9,1: [29791, 2, 2, 2, 22, 0, 0, 0, 0, 0, 0, 28387, 29612, 30273, 22905, 30982, 6519, 1686, 1400, -42, 3000, 1805, 0] Fitness: [[1.9369161]] Classifier Val: [[0.]]
Counterfactual at location: 9,2: [29791, 2, 3, 2, 22, 0, 0, 0, 0, 0, 0, 28387, 29612, 30273, 22877, 28445, 6519, 1686, 1400, -42, 3000, 1805, 0] Fitness: [[1.8967044]] Classifier Val: [[0.]]
Counterfactual at location: 9,3: [29791, 2, 4, 2, 22, 0, 0, 0, 0, 0, 0, 28387, 29612, 30273, 24109, 30982, 6519, 1686, 1400, -42, 3000, 1805, 0] Fitness: [[1.8953071]] Classifier Val: [[0.]]
Counterfactual at location: 10,0: [32579, 2, 1, 2, 22, 0, 0, 0, 0, 0, 0, 28387, 29612, 30273, 28004, 29094, 6519, 1686, 1400, -42, 3000, 1805, 0] Fitness: [[1.9006238]] Classifier Val: [[0.]]
Counterfactual at location: 10,1: [32579, 2, 2, 2, 22, 0, 0, 0, 0, 0, 0, 28387, 29612, 30273, 28004, 39286, 6519, 1686, 1400, -42, 3000, 1805, 0] Fitness: [[1.9338491]] Classifier Val: [[0.]]
Counterfactual at location: 10,2: [32004, 2, 3, 2, 22, 0, 0, 0, 0, 0, 0, 28387, 29612, 30273, 28004, 26446, 6519, 1686, 1400, -42, 3000, 1805, 0] Fitness: [[1.9053004]] Classifier Val: [[0.]]
Counterfactual at location: 10,3: [32004, 2, 4, 2, 22, 0, 0, 0, 0, 0, 0, 28387, 29612, 30273, 28004, 26446, 6519, 1686, 1400, -42, 3000, 1805, 0] Fitness: [[1.9053004]] Classifier Val: [[0.]]
Counterfactual at location: 11,0: [33084, 2, 1, 2, 22, 0, 0, 0, 0, 0, 0, 28387, 29612, 30273, 24109, 26446, 6519, 1686, 1400, -42, 3000, 1805, 0] Fitness: [[1.8979226]] Classifier Val: [[0.]]
Counterfactual at location: 11,1: [33084, 2, 2, 2, 22, 0, 0, 0, 0, 0, 0, 28387, 29612, 30273, 29153, 26446, 6519, 1686, 1400, -42, 3000, 1805, 0] Fitness: [[1.9457345]] Classifier Val: [[0.]]
Counterfactual at location: 11,2: [33536, 2, 3, 2, 22, 0, 0, 0, 0, 0, 0, 28387, 29612, 30273, 24109, 26446, 6519, 1686, 1400, -42, 3000, 1805, 0] Fitness: [[1.8973913]] Classifier Val: [[0.]]
Counterfactual at location: 11,3: [33536, 2, 4, 2, 22, 0, 0, 0, 0, 0, 0, 28387, 29612, 30273, 28004, 26446, 6519, 1686, 1400, -42, 3000, 1805, 0] Fitness: [[1.9034386]] Classifier Val: [[0.]]
Counterfactual at location: 12,0: [36356, 2, 1, 2, 22, 0, 0, 0, 0, 0, 0, 28387, 29612, 30273, 28004, 26446, 6519, 1686, 1400, -42, 3000, 1805, 0] Fitness: [[1.9004216]] Classifier Val: [[0.]]
Counterfactual at location: 12,1: [36356, 2, 2, 2, 22, 0, 0, 0, 0, 0, 0, 28387, 29612, 30273, 28004, 26446, 6519, 1686, 1400, -42, 3000, 1805, 0] Fitness: [[1.9438999]] Classifier Val: [[0.]]
Counterfactual at location: 12,2: [36356, 2, 3, 2, 22, 0, 0, 0, 0, 0, 0, 28387, 29612, 30273, 28004, 26446, 6519, 1686, 1400, -42, 3000, 1805, 0] Fitness: [[1.9004216]] Classifier Val: [[0.]]
Counterfactual at location: 12,3: [36356, 2, 4, 2, 22, 0, 0, 0, 0, 0, 0, 28387, 29612, 30273, 28919, 26123, 6519, 1686, 1400, -42, 3000, 1805, 0] Fitness: [[1.898515]] Classifier Val: [[0.]]
Counterfactual at location: 13,0: [40709, 2, 1, 2, 22, 0, 0, 0, 0, 0, 0, 28387, 29612, 30273, 28004, 26446, 6519, 1686, 1400, -42, 3000, 1805, 0] Fitness: [[1.8965853]] Classifier Val: [[0.]]
Counterfactual at location: 13,1: [40709, 2, 2, 2, 22, 0, 0, 0, 0, 0, 0, 28387, 29612, 30273, 28004, 26446, 6519, 1686, 1400, -42, 3000, 1383, 0] Fitness: [[1.931617]] Classifier Val: [[0.]]
Counterfactual at location: 13,2: [40709, 2, 3, 2, 22, 0, 0, 0, 0, 0, 0, 28387, 29612, 30273, 28004, 26446, 6519, 1686, 1400, -42, 3000, 1805, 0] Fitness: [[1.8965853]] Classifier Val: [[0.]]
Counterfactual at location: 13,3: [39765, 2, 4, 2, 22, 0, 0, 0, 0, 0, 0, 28387, 29612, 30273, 28004, 26446, 6519, 1686, 1400, -42, 3000, 1805, 0] Fitness: [[1.897346]] Classifier Val: [[0.]]
Counterfactual at location: 14,0: [42904, 2, 1, 2, 22, 0, 0, 0, 0, 0, 0, 28387, 29612, 30273, 24109, 26446, 6519, 1686, 1400, -42, 3000, 1805, 0] Fitness: [[1.8888988]] Classifier Val: [[0.]]
Counterfactual at location: 14,1: [43748, 2, 2, 2, 22, 0, 0, 0, 0, 0, 0, 28387, 29612, 30273, 28004, 25541, 6519, 1686, 1400, -42, 3000, 1709, 0] Fitness: [[1.9359341]] Classifier Val: [[0.]]
Counterfactual at location: 14,2: [42904, 2, 3, 2, 22, 0, 0, 0, 0, 0, 0, 28387, 29612, 30273, 25633, 26446, 6519, 1686, 1400, -42, 3000, 1805, 0] Fitness: [[1.8912649]] Classifier Val: [[0.]]
Counterfactual at location: 14,3: [42904, 2, 4, 2, 22, 0, 0, 0, 0, 0, 0, 28387, 29612, 30273, 24109, 28137, 6519, 1686, 1400, -42, 3000, 1805, 0] Fitness: [[1.8862858]] Classifier Val: [[0.]]
Counterfactual at location: 15,0: [45202, 2, 1, 2, 22, 0, 0, 0, 0, 0, 0, 28387, 29612, 30273, 28004, 26446, 6519, 1686, 1400, -42, 3000, 1805, 0] Fitness: [[1.8934005]] Classifier Val: [[0.]]
Counterfactual at location: 15,1: [45202, 2, 2, 2, 22, 0, 0, 0, 0, 0, 0, 28387, 29612, 30273, 28004, 26446, 6519, 1686, 1400, -42, 3000, 1805, 0] Fitness: [[1.9368788]] Classifier Val: [[0.]]
Counterfactual at location: 15,2: [45202, 2, 3, 2, 22, 0, 0, 0, 0, 0, 0, 28387, 29612, 30273, 28004, 26446, 6519, 1686, 1400, -42, 3000, 1805, 0] Fitness: [[1.8934005]] Classifier Val: [[0.]]
Counterfactual at location: 15,3: [45202, 2, 4, 2, 22, 0, 0, 0, 0, 0, 0, 28387, 29612, 30273, 28004, 26446, 6519, 1686, 1400, -42, 3000, 1805, 0] Fitness: [[1.8934005]] Classifier Val: [[0.]]
Counterfactual at location: 16,0: [49215, 2, 1, 2, 22, 0, 0, 0, 0, 0, 0, 28387, 29612, 30273, 24109, 26446, 6519, 1686, 1400, -42, 3000, 1805, 0] Fitness: [[1.8850003]] Classifier Val: [[0.]]
Counterfactual at location: 16,1: [50112, 2, 2, 2, 22, 0, 0, 0, 0, 0, 0, 28387, 29612, 30273, 32532, 26446, 6519, 1903, 1400, -42, 4052, 1805, 0] Fitness: [[1.911754]] Classifier Val: [[0.]]
Counterfactual at location: 16,2: [49215, 2, 3, 2, 22, 0, 0, 0, 0, 0, 0, 28387, 29612, 30273, 28004, 26446, 6519, 1686, 1400, -42, 3000, 1805, 0] Fitness: [[1.8910476]] Classifier Val: [[0.]]
Counterfactual at location: 16,3: [49215, 2, 4, 2, 22, 0, 0, 0, 0, 0, 0, 28387, 29612, 30273, 28004, 26446, 6519, 1686, 1400, -42, 3000, 1805, 0] Fitness: [[1.8910476]] Classifier Val: [[0.]]
Counterfactual at location: 17,0: [53382, 2, 1, 2, 22, 0, 0, 0, 0, 0, 0, 28387, 29612, 30273, 28004, 26446, 6519, 1686, 1400, -42, 3000, 1805, 0] Fitness: [[1.8889787]] Classifier Val: [[0.]]
Counterfactual at location: 17,1: [53382, 2, 2, 2, 22, 0, 0, 0, 0, 0, 0, 28387, 29612, 30273, 28004, 26446, 6519, 1686, 1400, -42, 3000, 1805, 0] Fitness: [[1.932457]] Classifier Val: [[0.]]
Counterfactual at location: 17,2: [53382, 2, 3, 2, 22, 0, 0, 0, 0, 0, 0, 28387, 29612, 30273, 28004, 26446, 6519, 1686, 1400, -42, 3000, 1805, 0] Fitness: [[1.8889787]] Classifier Val: [[0.]]
Counterfactual at location: 17,3: [53382, 2, 4, 2, 22, 0, 0, 0, 0, 0, 0, 28387, 29612, 30273, 28004, 26446, 6519, 1686, 1400, -42, 3000, 1805, 0] Fitness: [[1.8889787]] Classifier Val: [[0.]]
Counterfactual at location: 18,0: [55466, 2, 1, 2, 22, 0, 0, 0, 0, 0, 0, 28387, 29612, 30273, 28004, 26446, 6519, 1686, 1400, -42, 3000, 1805, 0] Fitness: [[1.8880608]] Classifier Val: [[0.]]
Counterfactual at location: 18,1: [55466, 2, 2, 2, 22, 0, 0, 0, 0, 0, 0, 28387, 33330, 36550, 28004, 29094, 6519, 1686, 1400, -42, 3000, 1805, 0] Fitness: [[1.915404]] Classifier Val: [[0.]]
Counterfactual at location: 18,2: [55466, 2, 3, 2, 22, 0, 0, 0, 0, 0, 0, 28387, 29612, 30273, 28004, 26446, 6519, 1686, 1400, -42, 3000, 1805, 0] Fitness: [[1.8880608]] Classifier Val: [[0.]]
Counterfactual at location: 18,3: [55466, 2, 4, 2, 22, 0, 0, 0, 0, 0, 0, 28387, 29612, 30273, 28004, 26446, 6519, 1686, 1400, -42, 3000, 1805, 0] Fitness: [[1.8880608]] Classifier Val: [[0.]]
Counterfactual at location: 19,0: [58668, 2, 1, 2, 22, 0, 0, 0, 0, 0, 0, 28387, 29612, 30273, 28004, 26446, 6519, 1686, 1400, -42, 3000, 1805, 0] Fitness: [[1.8867772]] Classifier Val: [[0.]]
Counterfactual at location: 19,1: [58668, 2, 2, 2, 22, 0, 0, 0, 0, 0, 0, 28387, 29612, 30273, 24109, 26446, 6519, 1686, 1400, -42, 3000, 1805, 0] Fitness: [[1.9242082]] Classifier Val: [[0.]]
Counterfactual at location: 19,2: [58668, 2, 3, 2, 22, 0, 0, 0, 0, 0, 0, 28387, 29612, 30273, 25633, 26446, 6519, 1686, 1400, -42, 3000, 1805, 0] Fitness: [[1.8830961]] Classifier Val: [[0.]]
Counterfactual at location: 19,3: [58668, 2, 4, 2, 22, 0, 0, 0, 0, 0, 0, 28387, 29612, 30273, 24472, 26446, 6519, 1686, 1400, -42, 3000, 1805, 0] Fitness: [[1.8812935]] Classifier Val: [[0.]]
