,X1,X2,X3,X4,X5,X6,X7,X8,X9,X10,X11,X12,X13,X14,X15,X16,X17,X18,X19,X20,X21,X22,X23,Y
ID,LIMIT_BAL,SEX,EDUCATION,MARRIAGE,AGE,PAY_0,PAY_2,PAY_3,PAY_4,PAY_5,PAY_6,BILL_AMT1,BILL_AMT2,BILL_AMT3,BILL_AMT4,BILL_AMT5,BILL_AMT6,PAY_AMT1,PAY_AMT2,PAY_AMT3,PAY_AMT4,PAY_AMT5,PAY_AMT6,default payment next month
Original Input: [30000, 2, 2, 2, 22, 0, 0, 0, 0, 0, 0, 28387, 29612, 30326, 28004, 26446, 6411, 1686, 1400, 560, 3000, 1765, 0]Original Label: [[1.]]
Counterfactual at location: 0,0: [30000, 2, 2, 2, 22, 0, 0, 1, 0, 0, 0, 28387, 29612, 30326, 28004, 26446, 6411, 1686, 1400, 560, 3000, 1765, 0] Fitness: [[1.]] Classifier Val: [[1.]]
Counterfactual at location: 0,1: [29580, 2, 2, 2, 22, 0, 0, 0, 0, 0, 0, 28387, 29612, 30326, 28004, 26446, 6411, 1686, 1400, 560, 3000, 1765, 0] Fitness: [[0.95591307]] Classifier Val: [[1.]]
Counterfactual at location: 0,2: [29932, 1, 2, 2, 22, 0, 0, 0, 0, 0, 0, 28387, 29612, 30326, 28004, 26446, 6411, 1686, 1400, 560, 3000, 1765, 0] Fitness: [[0.86946666]] Classifier Val: [[1.]]
Counterfactual at location: 0,3: [29932, 1, 2, 2, 22, -1, 0, 0, 0, 0, 0, 28387, 29612, 30326, 28004, 26446, 6411, 1686, 1400, 560, 3000, 1765, 0] Fitness: [[0.78251016]] Classifier Val: [[1.]]
Counterfactual at location: 0,4: [29932, 1, 3, 2, 22, -1, 0, 0, 0, 0, 0, 28387, 29612, 30326, 28004, 26446, 6411, 1686, 1400, 560, 3000, 1765, 0] Fitness: [[0.6955536]] Classifier Val: [[1.]]
Counterfactual at location: 1,0: [30000, 2, 2, 2, 22, 0, 0, 0, 0, 0, 0, 28387, 24727, 30326, 28004, 26446, 6411, 1686, 1400, 560, 3000, 1765, 0] Fitness: [[1.9493493]] Classifier Val: [[0.]]
Counterfactual at location: 1,1: [30000, 2, 3, 2, 22, 0, 0, 0, 0, 0, 0, 28387, 24477, 30326, 28004, 26446, 6411, 1686, 1400, 560, 3000, 1765, 0] Fitness: [[1.8620257]] Classifier Val: [[0.]]
Counterfactual at location: 1,2: [30000, 1, 2, 2, 22, 1, 0, 0, 0, 0, 0, 28387, 29612, 30326, 24084, 26446, 6411, 1686, 1400, 560, 3000, 1765, 0] Fitness: [[1.7765226]] Classifier Val: [[0.]]
Counterfactual at location: 1,3: [30000, 1, 3, 2, 22, 1, 0, 0, 0, 0, 0, 28387, 24477, 30326, 28004, 26446, 6411, 1686, 1400, 560, 3000, 1765, 0] Fitness: [[1.6881127]] Classifier Val: [[0.]]
Counterfactual at location: 1,4: [29932, 1, 3, 2, 22, -1, 0, 0, 0, 0, 0, 28387, 29612, 30326, 28004, 26446, 6411, 1686, 1400, 560, 3000, 1668, 0] Fitness: [[0.6496859]] Classifier Val: [[1.]]
Counterfactual at location: 2,0: [30000, 2, 2, 2, 22, 0, 0, 0, 0, 0, 0, 27568, 29612, 30326, 22380, 26446, 6411, 1686, 1400, 560, 3000, 1765, 0] Fitness: [[1.9030573]] Classifier Val: [[0.]]
Counterfactual at location: 2,1: [29580, 2, 2, 2, 22, 0, 0, 0, 0, 0, 0, 26324, 26358, 30326, 28004, 26446, 6411, 1686, 1400, 560, 3000, 1765, 0] Fitness: [[1.8610191]] Classifier Val: [[0.]]
Counterfactual at location: 2,2: [29932, 1, 2, 2, 22, 0, 0, 0, 0, 0, 0, 28387, 26358, 30326, 25968, 26446, 6411, 1686, 1400, 560, 3000, 1765, 0] Fitness: [[1.7745714]] Classifier Val: [[0.]]
Counterfactual at location: 2,3: [29932, 1, 3, 2, 22, 0, 0, 0, 0, 0, 0, 27568, 29612, 30326, 24084, 26446, 6411, 1686, 1400, 560, 3000, 1765, 0] Fitness: [[1.6882131]] Classifier Val: [[0.]]
Counterfactual at location: 2,4: [29932, 1, 3, 2, 22, -1, 0, 0, 0, 0, 0, 28387, 26358, 30326, 25968, 26446, 6411, 1686, 1400, 560, 3000, 1765, 0] Fitness: [[1.6006584]] Classifier Val: [[0.]]
Counterfactual at location: 3,0: [30000, 2, 2, 2, 22, 0, 0, 0, 0, 0, 0, 27568, 26358, 30326, 27546, 26446, 6411, 1686, 1400, 560, 3000, 1765, 0] Fitness: [[1.862822]] Classifier Val: [[0.]]
Counterfactual at location: 3,1: [29932, 2, 2, 2, 22, 0, 0, 0, 0, 0, 0, 27568, 24477, 30326, 28004, 26446, 6411, 1652, 1400, 560, 3000, 1765, 0] Fitness: [[1.8163178]] Classifier Val: [[0.]]
Counterfactual at location: 3,2: [29932, 2, 3, 2, 22, 0, 0, 0, 0, 0, 0, 27568, 26358, 30326, 27546, 26446, 6411, 1686, 1400, 560, 3000, 1765, 0] Fitness: [[1.7322887]] Classifier Val: [[0.]]
Counterfactual at location: 3,3: [29932, 1, 3, 2, 22, 0, 0, 0, 0, 0, 0, 28387, 24477, 30326, 27546, 25951, 6411, 1686, 1400, 560, 3000, 1765, 0] Fitness: [[1.6430111]] Classifier Val: [[0.]]
Counterfactual at location: 3,4: [29580, 1, 3, 2, 22, -1, 0, 0, 0, 0, 0, 27568, 29612, 30326, 24084, 26446, 6136, 1686, 1400, 560, 3000, 1765, 0] Fitness: [[1.5554032]] Classifier Val: [[0.]]
Counterfactual at location: 4,0: [30000, 2, 2, 2, 22, 0, 0, 0, 0, 0, 0, 27568, 26358, 29664, 27546, 26446, 6411, 1686, 1400, 560, 3000, 1765, 0] Fitness: [[1.8183947]] Classifier Val: [[0.]]
Counterfactual at location: 4,1: [29932, 2, 2, 2, 22, 0, 0, 0, 0, 0, 0, 27568, 26358, 30326, 27546, 25951, 6411, 1686, 1400, 560, 3000, 1765, 0] Fitness: [[1.7749531]] Classifier Val: [[0.]]
Counterfactual at location: 4,2: [29932, 2, 3, 2, 22, 0, 0, 0, 0, 0, 0, 27568, 26358, 30326, 27546, 26446, 6411, 1686, 1400, 560, 2886, 1765, 0] Fitness: [[1.6871583]] Classifier Val: [[0.]]
Counterfactual at location: 4,3: [29932, 1, 3, 2, 22, 0, 0, 0, 0, 0, 0, 27568, 26358, 30326, 27546, 26446, 6411, 1652, 1400, 560, 3000, 1765, 0] Fitness: [[1.6009772]] Classifier Val: [[0.]]
Counterfactual at location: 4,4: [29932, 1, 3, 2, 22, 1, 0, 0, 0, 0, 0, 27568, 26358, 30326, 27546, 26446, 6411, 1686, 1400, 560, 2886, 1765, 0] Fitness: [[1.5132452]] Classifier Val: [[0.]]
Counterfactual at location: 5,0: [30000, 2, 2, 2, 22, 0, 0, 0, 0, 0, 0, 27568, 26358, 30326, 27546, 26446, 6136, 1652, 1400, 560, 3000, 1765, 0] Fitness: [[1.7731237]] Classifier Val: [[0.]]
Counterfactual at location: 5,1: [29932, 2, 2, 2, 22, 0, 0, 0, 0, 0, 0, 27568, 26358, 29664, 27546, 25951, 6411, 1686, 1400, 560, 3000, 1765, 0] Fitness: [[1.7305257]] Classifier Val: [[0.]]
Counterfactual at location: 5,2: [29932, 2, 3, 2, 22, 0, 0, 0, 0, 0, 0, 27568, 26358, 30326, 27546, 25951, 6411, 1652, 1400, 560, 3000, 1765, 0] Fitness: [[1.6436417]] Classifier Val: [[0.]]
Counterfactual at location: 5,3: [29932, 1, 3, 2, 22, 0, 0, 0, 0, 0, 0, 27568, 26358, 30326, 27546, 26446, 6411, 1652, 1400, 560, 2886, 1765, 0] Fitness: [[1.5558466]] Classifier Val: [[0.]]
Counterfactual at location: 5,4: [29932, 1, 3, 2, 22, -1, 0, 0, 0, 0, 0, 27568, 26358, 30326, 27546, 25951, 6411, 1686, 1400, 560, 2886, 1765, 0] Fitness: [[1.4689531]] Classifier Val: [[0.]]
Counterfactual at location: 6,0: [30000, 2, 2, 2, 22, 0, 0, 0, 0, 0, 0, 27568, 26358, 29664, 27546, 25951, 6136, 1686, 1400, 560, 3000, 1765, 0] Fitness: [[1.7287593]] Classifier Val: [[0.]]
Counterfactual at location: 6,1: [29932, 2, 2, 2, 22, 0, 0, 0, 0, 0, 0, 27568, 26358, 29664, 27546, 25951, 6411, 1686, 1400, 560, 3000, 1668, 0] Fitness: [[1.684658]] Classifier Val: [[0.]]
Counterfactual at location: 6,2: [29932, 2, 3, 2, 22, 0, 0, 0, 0, 0, 0, 27568, 26358, 29664, 27546, 25951, 6411, 1686, 1400, 560, 2886, 1765, 0] Fitness: [[1.5984389]] Classifier Val: [[0.]]
Counterfactual at location: 6,3: [29932, 1, 3, 2, 22, 0, 0, 0, 0, 0, 0, 27568, 26358, 29664, 27546, 25951, 6411, 1652, 1400, 560, 3000, 1765, 0] Fitness: [[1.5122577]] Classifier Val: [[0.]]
Counterfactual at location: 6,4: [29932, 1, 3, 2, 22, -1, 0, 0, 0, 0, 0, 27568, 26358, 29664, 25968, 25951, 6411, 1652, 1400, 560, 3000, 1765, 0] Fitness: [[1.4228512]] Classifier Val: [[0.]]
Counterfactual at location: 7,0: [30000, 2, 2, 2, 22, 0, 0, 0, 0, 0, 0, 27568, 26358, 29664, 27546, 25951, 6136, 1652, 1400, 560, 3000, 1765, 0] Fitness: [[1.6844044]] Classifier Val: [[0.]]
Counterfactual at location: 7,1: [29932, 2, 2, 2, 22, 0, 0, 0, 0, 0, 0, 27679, 26358, 29664, 27546, 25951, 6411, 1652, 1400, 560, 2886, 1765, 0] Fitness: [[1.6412102]] Classifier Val: [[2.0392857e-25]]
Counterfactual at location: 7,2: [29932, 1, 2, 2, 22, 0, 0, 0, 0, 0, 0, 27679, 26358, 29664, 27546, 25951, 6411, 1652, 1400, 560, 2886, 1765, 0] Fitness: [[1.5542537]] Classifier Val: [[9.433766e-26]]
Counterfactual at location: 7,3: [29932, 1, 3, 2, 22, 0, 0, 0, 0, 0, 0, 27568, 26358, 29664, 27546, 25951, 6411, 1652, 1400, 560, 2886, 1765, 0] Fitness: [[1.4671272]] Classifier Val: [[0.]]
Counterfactual at location: 7,4: [29932, 1, 1, 2, 22, -1, 0, 0, 0, 0, 0, 27568, 26358, 29664, 27546, 26446, 6136, 1652, 1400, 560, 2886, 1765, 0] Fitness: [[1.3791195]] Classifier Val: [[0.]]
Counterfactual at location: 8,0: [30000, 2, 2, 2, 22, 0, 0, 0, 0, 0, 0, 27568, 26358, 29664, 27546, 25428, 6136, 1652, 1400, 560, 3000, 1668, 0] Fitness: [[1.6376766]] Classifier Val: [[0.]]
Counterfactual at location: 8,1: [29932, 2, 2, 2, 22, 0, 0, 0, 0, 0, 0, 27568, 26358, 29664, 27546, 25951, 6136, 1652, 1400, 560, 2886, 1765, 0] Fitness: [[1.595697]] Classifier Val: [[0.]]
Counterfactual at location: 8,2: [29932, 2, 2, 2, 22, -1, 0, 0, 0, 0, 0, 27568, 26358, 29664, 27546, 25951, 6136, 1686, 1313, 560, 2886, 1765, 0] Fitness: [[1.5069155]] Classifier Val: [[0.]]
Counterfactual at location: 8,3: [29932, 1, 2, 2, 22, -1, 0, 0, 0, 0, 0, 27568, 26358, 29664, 27546, 25951, 6136, 1661, 1400, 560, 2886, 1765, 0] Fitness: [[1.422016]] Classifier Val: [[0.]]
Counterfactual at location: 8,4: [29932, 1, 3, 2, 22, -1, 0, 0, 0, 0, 0, 27568, 26358, 29664, 27546, 25951, 6411, 1652, 1400, 560, 2886, 1668, 0] Fitness: [[1.334303]] Classifier Val: [[0.]]
Counterfactual at location: 9,0: [30000, 2, 2, 2, 22, 0, 0, 0, 0, 0, 0, 27568, 26358, 29664, 27546, 25951, 6411, 1652, 1313, 560, 2886, 1668, 0] Fitness: [[1.5925692]] Classifier Val: [[0.]]
Counterfactual at location: 9,1: [29932, 2, 2, 2, 22, 0, 0, 0, 0, 0, 0, 27679, 26358, 29664, 27546, 25951, 6136, 1652, 1400, 560, 2886, 1668, 0] Fitness: [[1.5499994]] Classifier Val: [[0.]]
Counterfactual at location: 9,2: [29932, 1, 2, 2, 22, 0, 0, 0, 0, 0, 0, 27568, 26358, 29664, 27546, 25951, 6136, 1652, 1324, 560, 2886, 1765, 0] Fitness: [[1.462902]] Classifier Val: [[0.]]
Counterfactual at location: 9,3: [29932, 1, 2, 2, 22, -1, 0, 0, 0, 0, 0, 27568, 26358, 29664, 27546, 25951, 6136, 1686, 1324, 560, 2886, 1668, 0] Fitness: [[1.3744328]] Classifier Val: [[0.]]
Counterfactual at location: 9,4: [29932, 1, 3, 2, 22, -1, 0, 0, 0, 0, 0, 27679, 26358, 29664, 27546, 25951, 6136, 1652, 1324, 560, 2886, 1765, 0] Fitness: [[1.2891589]] Classifier Val: [[0.]]
Counterfactual at location: 10,0: [30000, 2, 2, 2, 22, 0, 0, 0, 0, 0, 0, 27568, 26358, 29664, 27546, 25951, 6136, 1652, 1324, 560, 2886, 1668, 0] Fitness: [[1.5475676]] Classifier Val: [[0.]]
Counterfactual at location: 10,1: [29932, 2, 2, 2, 22, 0, 0, 0, 0, 0, 0, 27568, 26358, 29664, 27546, 25951, 6136, 1652, 1479, 560, 2886, 1668, 0] Fitness: [[1.5040287]] Classifier Val: [[0.]]
Counterfactual at location: 10,2: [29932, 2, 1, 2, 22, 0, 0, 0, 0, 0, 0, 26324, 26358, 29664, 27546, 25951, 6136, 1652, 1479, 560, 2886, 1668, 0] Fitness: [[1.4151667]] Classifier Val: [[0.]]
Counterfactual at location: 10,3: [29932, 1, 3, 2, 22, 0, 0, 0, 0, 0, 0, 27679, 26358, 29664, 27546, 25951, 6136, 1661, 1324, 520, 2886, 1765, 0] Fitness: [[1.3297638]] Classifier Val: [[0.]]
Counterfactual at location: 10,4: [29932, 1, 3, 2, 22, -1, 0, 0, 0, 0, 0, 26324, 26358, 29664, 27546, 25951, 6136, 1652, 1324, 560, 2886, 1668, 0] Fitness: [[1.2412158]] Classifier Val: [[0.]]
Counterfactual at location: 11,0: [30000, 2, 2, 2, 22, 0, 0, 0, 0, 0, 0, 26324, 26358, 29664, 27546, 25951, 6136, 1661, 1313, 475, 2886, 1668, 0] Fitness: [[1.4954752]] Classifier Val: [[0.]]
Counterfactual at location: 11,1: [29932, 2, 2, 2, 22, 0, 0, 0, 0, 0, 0, 27568, 26358, 29664, 27546, 25951, 6136, 1661, 1313, 475, 2886, 1668, 0] Fitness: [[1.4538037]] Classifier Val: [[0.]]
Counterfactual at location: 11,2: [29932, 1, 2, 2, 22, 0, 0, 0, 0, 0, 0, 26324, 26358, 29664, 27546, 25951, 6136, 1652, 1324, 475, 2886, 1668, 0] Fitness: [[1.3650514]] Classifier Val: [[0.]]
Counterfactual at location: 11,3: [29932, 1, 2, 2, 22, -1, 0, 0, 0, 0, 0, 26324, 26358, 29664, 27546, 25951, 6136, 1652, 1324, 475, 2886, 1668, 0] Fitness: [[1.2780948]] Classifier Val: [[0.]]
Counterfactual at location: 11,4: [29932, 1, 3, 2, 22, -1, 0, 0, 0, 0, 0, 27679, 26358, 29664, 27546, 25951, 6136, 1652, 1324, 475, 2886, 1668, 0] Fitness: [[1.1932135]] Classifier Val: [[2.965301e-12]]
Counterfactual at location: 12,0: [30000, 2, 2, 2, 22, 0, 0, 0, 0, 1, 0, 27679, 26358, 29664, 27546, 25951, 6136, 1661, 1324, 475, 2886, 1668, 0] Fitness: [[1.4109355]] Classifier Val: [[0.]]
Counterfactual at location: 12,1: [29932, 2, 2, 2, 22, 0, 0, -1, 0, 0, 0, 27679, 26358, 29664, 27546, 25951, 6136, 1661, 1324, 475, 2886, 1668, 0] Fitness: [[1.3673588]] Classifier Val: [[3.2683183e-17]]
Counterfactual at location: 12,2: [29932, 1, 2, 2, 22, 0, 0, 0, 0, 0, 0, 27568, 26358, 29664, 27546, 25951, 6136, 1661, 1313, 475, 2886, 1668, -1899] Fitness: [[1.2798907]] Classifier Val: [[0.]]
Counterfactual at location: 12,3: [29932, 1, 2, 2, 22, -1, 0, -1, 0, 0, 0, 27679, 26358, 29664, 27546, 25951, 6136, 1661, 1324, 475, 2886, 1668, 0] Fitness: [[1.1934457]] Classifier Val: [[4.680989e-17]]
Counterfactual at location: 12,4: [29932, 1, 3, 2, 22, -1, 0, 0, 0, 0, 1, 27679, 26358, 29664, 27546, 25951, 6136, 1661, 1324, 475, 2710, 1668, 0] Fitness: [[1.1039383]] Classifier Val: [[0.]]
Counterfactual at location: 13,0: [30000, 2, 2, 2, 22, 0, 0, -1, 0, 0, 0, 27568, 26358, 29664, 27546, 25951, 6136, 1661, 1324, 475, 2886, 1668, -803] Fitness: [[1.323809]] Classifier Val: [[0.]]
Counterfactual at location: 13,1: [29932, 2, 2, 2, 22, 0, 0, 0, 0, 1, 0, 27679, 26358, 29664, 27546, 25951, 6136, 1661, 1324, 475, 2886, 1668, -156] Fitness: [[1.2804023]] Classifier Val: [[0.]]
Counterfactual at location: 13,2: [29932, 1, 2, 2, 22, 0, 0, -1, 0, 0, 0, 27679, 26358, 29664, 27546, 25951, 6136, 1661, 1324, 520, 2886, 1668, -803] Fitness: [[1.1969395]] Classifier Val: [[0.]]
Counterfactual at location: 13,3: [29932, 1, 2, 2, 22, -1, 0, -1, 0, 0, 0, 27679, 26358, 29664, 27546, 25951, 6136, 1661, 1324, 475, 2886, 1668, -803] Fitness: [[1.1064892]] Classifier Val: [[0.]]
Counterfactual at location: 13,4: [29932, 1, 3, 2, 22, -1, 0, 0, 0, 0, 1, 27679, 26358, 29664, 27546, 25951, 6136, 1652, 1324, 475, 2744, 1668, -803] Fitness: [[1.0172427]] Classifier Val: [[0.]]
Counterfactual at location: 14,0: [30000, 2, 2, 1, 22, 0, 0, -1, 0, 0, 0, 27568, 26358, 29395, 27546, 25951, 6136, 1652, 1479, 475, 2886, 1668, -803] Fitness: [[1.2362727]] Classifier Val: [[0.]]
Counterfactual at location: 14,1: [29932, 2, 2, 2, 22, 0, 0, -1, 0, -1, -1, 27679, 26358, 29664, 27546, 25951, 6136, 1661, 1324, 520, 2886, 1668, 0] Fitness: [[1.1969395]] Classifier Val: [[3.4455916e-29]]
Counterfactual at location: 14,2: [29932, 1, 2, 2, 22, 0, 0, 1, 0, 0, 1, 27679, 26358, 29664, 27546, 25951, 6136, 1652, 1324, 520, 2886, 1668, -816] Fitness: [[1.1097507]] Classifier Val: [[0.]]
Counterfactual at location: 14,3: [29932, 1, 2, 2, 22, -1, 1, -1, 0, 0, 1, 27679, 26358, 29664, 27546, 25951, 6136, 1661, 1324, 475, 2886, 1668, 0] Fitness: [[1.0195327]] Classifier Val: [[4.1184475e-18]]
Counterfactual at location: 14,4: [29932, 1, 3, 2, 22, -1, -1, 0, -1, 0, 1, 27679, 26358, 29664, 27546, 25951, 6136, 1661, 1324, 475, 2886, 1668, 0] Fitness: [[0.9325761]] Classifier Val: [[3.9697804e-17]]
Counterfactual at location: 15,0: [30000, 2, 2, 2, 22, 0, -1, 0, 0, -1, 1, 27679, 26358, 29664, 27546, 25951, 6136, 1661, 1313, 475, 2886, 1668, -803] Fitness: [[1.1497242]] Classifier Val: [[0.]]
Counterfactual at location: 15,1: [29932, 2, 2, 2, 22, 0, 0, -1, 0, -1, -1, 27679, 26358, 29664, 27546, 25951, 6136, 1661, 1324, 475, 2886, 1668, -803] Fitness: [[1.1064892]] Classifier Val: [[0.]]
Counterfactual at location: 15,2: [29932, 1, 2, 2, 22, 0, -1, -1, 0, 0, -1, 27679, 26358, 29664, 27546, 25951, 6136, 1661, 1324, 475, 2886, 1668, -156] Fitness: [[1.0195327]] Classifier Val: [[0.]]
Counterfactual at location: 15,3: [29932, 1, 2, 2, 22, -1, 1, -1, 0, 0, 1, 27679, 26358, 29664, 27546, 25951, 6136, 1661, 1324, 475, 2886, 1668, -803] Fitness: [[0.9325761]] Classifier Val: [[0.]]
Counterfactual at location: 15,4: [29932, 1, 1, 2, 22, -1, 0, -1, 1, -1, -1, 27679, 26358, 29664, 27546, 25951, 6136, 1661, 1324, 520, 2886, 1668, 0] Fitness: [[0.8491134]] Classifier Val: [[4.1876232e-29]]
Counterfactual at location: 16,0: [30000, 2, 2, 2, 22, 0, 1, -1, 0, -1, 1, 27679, 26358, 29664, 27546, 25951, 6136, 1661, 1324, 475, 2886, 1668, -803] Fitness: [[1.0631094]] Classifier Val: [[0.]]
Counterfactual at location: 16,1: [29932, 2, 2, 2, 22, 0, 2, -1, 1, 0, 1, 26324, 26358, 29664, 27546, 25951, 6136, 1661, 1324, 475, 2886, 1668, -803] Fitness: [[1.0174572]] Classifier Val: [[0.]]
Counterfactual at location: 16,2: [29932, 1, 2, 2, 22, 0, 1, 0, -1, 1, 1, 27679, 26358, 29664, 27546, 25951, 6136, 1661, 1324, 520, 2886, 1668, -156] Fitness: [[0.9360699]] Classifier Val: [[0.]]
Counterfactual at location: 16,3: [29932, 1, 2, 2, 22, -1, 1, -1, 1, 0, 1, 27679, 26358, 29664, 27546, 25951, 6136, 1661, 1324, 475, 2886, 1668, -803] Fitness: [[0.8456196]] Classifier Val: [[0.]]
Counterfactual at location: 16,4: [29932, 1, 1, 2, 22, -1, -1, -1, 1, 0, 1, 27679, 26358, 29664, 27546, 25951, 6136, 1652, 1324, 475, 2886, 1668, -803] Fitness: [[0.758431]] Classifier Val: [[0.]]
Counterfactual at location: 17,0: [30000, 2, 2, 2, 22, 0, 2, -1, 1, -1, 1, 26324, 26358, 29664, 27546, 25951, 6136, 1661, 1324, 475, 2886, 1668, -803] Fitness: [[0.9740775]] Classifier Val: [[0.]]
Counterfactual at location: 17,1: [29932, 2, 2, 1, 22, 0, -1, -1, 0, -1, -1, 27679, 26358, 29664, 27546, 25951, 6136, 1652, 1479, 475, 2886, 1668, -803] Fitness: [[0.9323819]] Classifier Val: [[0.]]
Counterfactual at location: 17,2: [29932, 1, 2, 2, 22, 0, 2, -1, -1, -1, 1, 27679, 26358, 29664, 27546, 25951, 6136, 1661, 1324, 520, 2886, 1668, -156] Fitness: [[0.8491134]] Classifier Val: [[0.]]
Counterfactual at location: 17,3: [29932, 1, 2, 1, 22, -1, -1, -1, 0, -1, 1, 27679, 26358, 29664, 27546, 25951, 6136, 1661, 1313, 475, 2886, 1668, -803] Fitness: [[0.7583216]] Classifier Val: [[0.]]
Counterfactual at location: 17,4: [29932, 1, 1, 1, 22, -1, 0, -1, 1, -1, 1, 27679, 22433, 29664, 27546, 25951, 6136, 1652, 1324, 475, 2886, 1668, -156] Fitness: [[0.6657115]] Classifier Val: [[0.]]
Counterfactual at location: 18,0: [30000, 2, 2, 3, 22, 0, 2, -1, 1, 1, 2, 27679, 26008, 21737, 25847, 25951, 6038, 1652, 1036, 475, 2886, 1668, -803] Fitness: [[0.864839]] Classifier Val: [[0.]]
Counterfactual at location: 18,1: [29580, 2, 2, 1, 22, 0, -1, -1, -1, 1, 1, 26324, 26008, 27871, 25847, 25951, 6136, 1652, 1324, 475, 2886, 1668, -803] Fitness: [[0.8370797]] Classifier Val: [[0.]]
Counterfactual at location: 18,2: [29932, 1, 2, 1, 22, 0, 1, -1, -1, 1, 1, 27679, 26358, 29664, 27546, 25951, 6136, 1652, 1324, 475, 2886, 1668, -156] Fitness: [[0.758431]] Classifier Val: [[0.]]
Counterfactual at location: 18,3: [29932, 2, 1, 1, 22, -1, -1, -1, -1, 1, 1, 25901, 26358, 29664, 27546, 25951, 6136, 1652, 1324, 475, 2886, 1668, -156] Fitness: [[0.66875124]] Classifier Val: [[0.]]
Counterfactual at location: 18,4: [29932, 1, 1, 1, 22, -1, -1, -1, -1, 1, 1, 27679, 26358, 29664, 27546, 25951, 6136, 1652, 1324, 475, 2886, 1668, -803] Fitness: [[0.58451796]] Classifier Val: [[0.]]
Counterfactual at location: 19,0: None
Counterfactual at location: 19,1: None
Counterfactual at location: 19,2: None
Counterfactual at location: 19,3: None
Counterfactual at location: 19,4: None
