,X1,X2,X3,X4,X5,X6,X7,X8,X9,X10,X11,X12,X13,X14,X15,X16,X17,X18,X19,X20,X21,X22,X23,Y
ID,LIMIT_BAL,SEX,EDUCATION,MARRIAGE,AGE,PAY_0,PAY_2,PAY_3,PAY_4,PAY_5,PAY_6,BILL_AMT1,BILL_AMT2,BILL_AMT3,BILL_AMT4,BILL_AMT5,BILL_AMT6,PAY_AMT1,PAY_AMT2,PAY_AMT3,PAY_AMT4,PAY_AMT5,PAY_AMT6,default payment next month
Original Input: [30000, 2, 2, 2, 22, 0, 0, 0, 0, 0, 0, 28387, 29612, 30326, 28004, 26446, 6411, 1686, 1400, 560, 3000, 1765, 0]Original Label: [[1.]]
Counterfactual at location: 0,0: [30000, 2, 2, 2, 22, 0, 0, 0, 0, 0, 0, 28387, 29612, 30326, 28004, 26446, 6411, 445, 3209, 560, 3000, 1765, 0] Fitness: [[1.]] Classifier Val: [[1.]]
Counterfactual at location: 0,1: None
Counterfactual at location: 0,2: None
Counterfactual at location: 0,3: None
Counterfactual at location: 0,4: None
Counterfactual at location: 1,0: None
Counterfactual at location: 1,1: None
Counterfactual at location: 1,2: None
Counterfactual at location: 1,3: None
Counterfactual at location: 1,4: None
Counterfactual at location: 2,0: [30000, 2, 2, 2, 22, 0, 0, 0, 0, 0, 0, 28387, 29612, 30326, 28004, 26446, 6411, 1149, 1483, 560, 3000, 1765, 0] Fitness: [[0.8967621]] Classifier Val: [[1.]]
Counterfactual at location: 2,1: [28921, 2, 2, 2, 22, 0, 0, 0, 0, 0, 0, 28387, 29612, 30326, 28004, 26446, 6411, 1735, 1483, 560, 3000, 1765, 0] Fitness: [[0.8643402]] Classifier Val: [[1.]]
Counterfactual at location: 2,2: [28921, 2, 1, 2, 22, 0, 0, 0, 0, 0, 0, 28387, 29612, 30326, 28004, 26446, 6411, 1735, 1483, 560, 3000, 1765, 0] Fitness: [[0.7773836]] Classifier Val: [[1.]]
Counterfactual at location: 2,3: [29837, 1, 1, 2, 22, 0, 0, 0, 0, 0, 0, 28387, 29612, 30326, 28004, 26446, 6411, 1735, 1483, 560, 3000, 1765, 0] Fitness: [[0.69175464]] Classifier Val: [[1.]]
Counterfactual at location: 2,4: None
Counterfactual at location: 3,0: [30000, 2, 2, 2, 22, 0, 0, 0, 0, 0, 0, 23547, 29612, 30326, 28004, 26446, 6411, 1735, 1483, 560, 3000, 1765, 0] Fitness: [[1.858491]] Classifier Val: [[2.5717126e-12]]
Counterfactual at location: 3,1: [28921, 2, 2, 2, 22, 0, 0, 0, 0, 0, 0, 28387, 29612, 30326, 20448, 26446, 6411, 1735, 1483, 560, 3000, 1765, 0] Fitness: [[1.8091307]] Classifier Val: [[0.]]
Counterfactual at location: 3,2: [28921, 1, 2, 2, 22, 0, 0, 0, 0, 0, 0, 16973, 29612, 30326, 28004, 26446, 6411, 1735, 1483, 560, 3000, 1765, 0] Fitness: [[1.7164235]] Classifier Val: [[0.]]
Counterfactual at location: 3,3: [28921, 1, 2, 2, 22, 1, 0, 0, 0, 0, 0, 16973, 29612, 30326, 28004, 26446, 6411, 1735, 1483, 560, 3000, 1765, 0] Fitness: [[1.629467]] Classifier Val: [[0.]]
Counterfactual at location: 3,4: [28921, 1, 3, 2, 22, -1, 0, 0, 0, 0, 0, 13898, 29612, 30326, 28004, 26446, 6411, 1614, 1483, 560, 3000, 1765, 0] Fitness: [[1.5371718]] Classifier Val: [[0.]]
Counterfactual at location: 4,0: [30000, 2, 2, 2, 22, 0, 0, 0, 0, 0, 0, 28387, 28562, 30326, 25459, 26446, 6411, 1672, 1483, 560, 3000, 1765, 0] Fitness: [[1.8177996]] Classifier Val: [[0.]]
Counterfactual at location: 4,1: [28921, 2, 2, 2, 22, 0, 0, 0, 0, 0, 0, 23547, 29612, 30326, 25459, 26446, 6411, 1735, 1483, 560, 3000, 1765, 0] Fitness: [[1.7660193]] Classifier Val: [[0.]]
Counterfactual at location: 4,2: [28921, 1, 2, 2, 22, 0, 0, 0, 0, 0, 0, 23547, 29612, 30326, 25459, 26446, 6411, 1735, 1483, 560, 3000, 1765, 0] Fitness: [[1.6790628]] Classifier Val: [[0.]]
Counterfactual at location: 4,3: [29837, 1, 1, 2, 22, 0, 0, 0, 0, 0, 0, 23547, 29612, 30326, 25459, 26446, 6411, 1735, 1483, 560, 3000, 1765, 0] Fitness: [[1.5934339]] Classifier Val: [[0.]]
Counterfactual at location: 4,4: [28921, 1, 3, 2, 22, 1, 0, 0, 0, 0, 0, 23547, 29612, 30326, 25459, 26446, 6411, 1735, 1483, 560, 3000, 1765, 0] Fitness: [[1.5051497]] Classifier Val: [[0.]]
Counterfactual at location: 5,0: [30000, 2, 2, 2, 22, 0, 0, 0, 0, 0, 0, 28387, 28562, 30326, 25459, 26446, 6411, 1672, 1483, 560, 3000, 1758, 0] Fitness: [[1.774149]] Classifier Val: [[0.]]
Counterfactual at location: 5,1: [28921, 2, 2, 2, 22, 0, 0, 0, 0, 0, 0, 23547, 29612, 29992, 25459, 26446, 6411, 1672, 1483, 560, 3000, 1765, 0] Fitness: [[1.722929]] Classifier Val: [[0.]]
Counterfactual at location: 5,2: [29837, 2, 3, 2, 22, 0, 0, 0, 0, 0, 0, 23547, 29612, 30326, 25459, 26446, 6411, 1672, 1483, 560, 2948, 1765, 0] Fitness: [[1.6370254]] Classifier Val: [[0.]]
Counterfactual at location: 5,3: [29837, 2, 4, 2, 22, 1, 0, 0, 0, 0, 0, 23547, 29612, 30326, 25459, 26446, 6411, 1735, 1483, 560, 3000, 1758, 0] Fitness: [[1.5497831]] Classifier Val: [[0.]]
Counterfactual at location: 5,4: [28921, 1, 3, 2, 22, 1, 0, 0, 0, 0, 0, 23547, 29612, 30326, 25459, 26446, 6411, 1672, 1483, 560, 3000, 1758, 0] Fitness: [[1.4623659]] Classifier Val: [[0.]]
Counterfactual at location: 6,0: [30000, 2, 2, 2, 22, 0, 0, 0, 0, 0, 0, 28387, 28562, 30326, 25459, 26446, 6411, 1672, 1483, 520, 2948, 1765, 0] Fitness: [[1.7269838]] Classifier Val: [[0.]]
Counterfactual at location: 6,1: [29837, 2, 2, 2, 22, 0, 0, 0, 0, 0, 0, 23547, 29612, 30213, 25459, 26360, 6411, 1672, 1483, 560, 3000, 1765, 0] Fitness: [[1.6809537]] Classifier Val: [[0.]]
Counterfactual at location: 6,2: [28921, 1, 2, 2, 22, 0, 0, 0, 0, 0, 0, 23547, 29612, 30326, 25459, 26417, 6411, 1672, 1483, 560, 3000, 1758, 0] Fitness: [[1.5927529]] Classifier Val: [[0.]]
Counterfactual at location: 6,3: [29837, 1, 3, 2, 22, 0, 0, 0, 0, 0, 0, 23547, 28562, 29992, 28004, 26446, 6411, 1672, 1483, 560, 2948, 1765, 0] Fitness: [[1.5085212]] Classifier Val: [[0.]]
Counterfactual at location: 6,4: [28921, 1, 3, 2, 22, -1, 0, 0, 0, 0, 0, 23547, 29612, 29992, 25459, 26446, 6411, 1672, 1483, 560, 3000, 1758, 0] Fitness: [[1.4184088]] Classifier Val: [[0.]]
Counterfactual at location: 7,0: [30000, 2, 2, 2, 22, 0, 0, 0, 0, 0, 0, 23547, 29612, 29992, 27844, 26446, 5610, 1672, 1483, 560, 3000, 1758, 0] Fitness: [[1.6791129]] Classifier Val: [[0.]]
Counterfactual at location: 7,1: [29837, 2, 2, 2, 22, 0, 0, 0, 0, 0, 0, 23547, 29612, 29992, 25459, 26360, 6411, 1672, 1483, 560, 2948, 1765, 0] Fitness: [[1.636405]] Classifier Val: [[0.]]
Counterfactual at location: 7,2: [29837, 2, 4, 2, 22, 0, 0, 0, 0, 0, 0, 23547, 28562, 29992, 28004, 26446, 6411, 1672, 1483, 520, 3000, 1758, 0] Fitness: [[1.5494751]] Classifier Val: [[0.]]
Counterfactual at location: 7,3: [29837, 2, 3, 2, 22, -1, 0, 0, 0, 0, 0, 23167, 28562, 29992, 28004, 26446, 6411, 1672, 1483, 560, 2948, 1758, 0] Fitness: [[1.4642886]] Classifier Val: [[0.]]
Counterfactual at location: 7,4: [28921, 1, 3, 2, 22, -1, 0, 0, 0, 0, 0, 23547, 29612, 29992, 25459, 26360, 6411, 1672, 1483, 560, 3000, 1758, 0] Fitness: [[1.3747891]] Classifier Val: [[0.]]
Counterfactual at location: 8,0: [30000, 2, 2, 2, 22, 0, 0, 0, 0, 0, 0, 28387, 28562, 29992, 25459, 26417, 6411, 1672, 1483, 520, 3000, 1758, 0] Fitness: [[1.640082]] Classifier Val: [[0.]]
Counterfactual at location: 8,1: [29837, 2, 2, 2, 22, 0, 0, 0, 0, 0, 0, 23547, 28562, 30213, 25459, 26360, 6411, 1672, 1483, 560, 3000, 1758, 0] Fitness: [[1.5922831]] Classifier Val: [[0.]]
Counterfactual at location: 8,2: [29837, 2, 4, 2, 22, 0, 0, 0, 0, 0, 0, 23547, 28562, 29992, 28004, 26446, 6411, 1672, 1483, 520, 2948, 1758, 0] Fitness: [[1.5052432]] Classifier Val: [[0.]]
Counterfactual at location: 8,3: [29837, 1, 3, 2, 22, 0, 0, 0, 0, 0, 0, 23547, 28562, 30213, 25459, 26417, 6411, 1672, 1483, 560, 3000, 1758, 0] Fitness: [[1.4184638]] Classifier Val: [[0.]]
Counterfactual at location: 8,4: [29837, 1, 3, 2, 22, -1, 0, 0, 0, 0, 0, 23547, 28562, 30326, 25459, 26417, 6411, 1672, 1483, 560, 2948, 1758, 0] Fitness: [[1.3309157]] Classifier Val: [[0.]]
Counterfactual at location: 9,0: [30000, 2, 2, 2, 22, 0, 0, 0, 0, 0, 0, 23547, 28562, 30213, 25459, 26417, 6411, 1672, 1483, 560, 2948, 1758, 0] Fitness: [[1.5918595]] Classifier Val: [[0.]]
Counterfactual at location: 9,1: [28921, 2, 2, 2, 22, 0, 0, 0, 0, 0, 0, 23547, 28562, 30213, 25459, 26417, 6411, 1672, 1483, 560, 2948, 1758, 0] Fitness: [[1.5468174]] Classifier Val: [[0.]]
Counterfactual at location: 9,2: [28921, 2, 2, 2, 22, -1, 0, 0, 0, 0, 0, 23547, 28562, 30213, 25459, 26417, 6411, 1672, 1483, 560, 2948, 1758, 0] Fitness: [[1.4598609]] Classifier Val: [[0.]]
Counterfactual at location: 9,3: [28921, 2, 3, 2, 22, -1, 0, 0, 0, 0, 0, 23547, 28562, 29992, 25459, 26360, 6411, 1672, 1483, 560, 2948, 1758, 0] Fitness: [[1.3724939]] Classifier Val: [[0.]]
Counterfactual at location: 9,4: [28921, 1, 3, 2, 22, -1, 0, 0, 0, 0, 0, 23547, 28562, 29992, 25459, 26360, 6411, 1672, 1483, 560, 2948, 1758, 0] Fitness: [[1.2855374]] Classifier Val: [[0.]]
Counterfactual at location: 10,0: [30000, 2, 2, 2, 22, 0, 0, 0, 0, 0, 0, 23547, 28562, 29992, 27844, 26417, 6411, 1672, 1483, 520, 2948, 1758, 0] Fitness: [[1.5486616]] Classifier Val: [[0.]]
Counterfactual at location: 10,1: [29837, 2, 2, 2, 22, 0, 0, 0, 0, 0, 0, 23547, 28562, 29992, 25459, 26417, 6411, 1672, 1483, 520, 2948, 1758, 0] Fitness: [[1.5012442]] Classifier Val: [[0.]]
Counterfactual at location: 10,2: [29837, 2, 3, 2, 22, 0, 0, 0, 0, 0, 0, 23547, 28562, 29992, 25459, 26360, 6411, 1672, 1483, 520, 2948, 1758, 0] Fitness: [[1.414194]] Classifier Val: [[0.]]
Counterfactual at location: 10,3: [28921, 1, 3, 2, 22, 0, 0, 0, 0, 0, 0, 23002, 28562, 29992, 25459, 26360, 6411, 1672, 1483, 520, 2948, 1758, 0] Fitness: [[1.3250753]] Classifier Val: [[0.]]
Counterfactual at location: 10,4: [28921, 1, 3, 2, 22, -1, 0, 0, 0, 0, 0, 23547, 28562, 29992, 25459, 26417, 5610, 1672, 1483, 560, 2948, 1758, 0] Fitness: [[1.2367206]] Classifier Val: [[0.]]
Counterfactual at location: 11,0: [30000, 2, 2, 2, 22, 0, 0, 0, 0, 0, 0, 23547, 28562, 30213, 25459, 21553, 5610, 1672, 1483, 520, 2948, 1758, 0] Fitness: [[1.4883685]] Classifier Val: [[0.]]
Counterfactual at location: 11,1: [29837, 2, 2, 2, 22, 0, 0, 0, 0, 0, 0, 23547, 28562, 29992, 25459, 26417, 5610, 1672, 1483, 520, 2948, 1758, 0] Fitness: [[1.4523338]] Classifier Val: [[0.]]
Counterfactual at location: 11,2: [29837, 2, 4, 2, 22, 0, 0, 0, 0, 0, 0, 23547, 28562, 29992, 25459, 26417, 5610, 1672, 1483, 520, 2948, 1758, 0] Fitness: [[1.3653773]] Classifier Val: [[0.]]
Counterfactual at location: 11,3: [29837, 2, 4, 2, 22, 1, 0, 0, 0, 0, 0, 23547, 28562, 30213, 25459, 26417, 5610, 1672, 1483, 520, 2948, 1758, 0] Fitness: [[1.2787377]] Classifier Val: [[0.]]
Counterfactual at location: 11,4: [29837, 1, 4, 2, 22, -1, 0, 0, 0, 0, 0, 23547, 28562, 29992, 25459, 26417, 5610, 1672, 1483, 520, 2948, 1758, 0] Fitness: [[1.1914642]] Classifier Val: [[0.]]
Counterfactual at location: 12,0: [30000, 2, 2, 2, 22, 0, 0, 0, 0, -1, 0, 23547, 28562, 30213, 25459, 26417, 5610, 1672, 1483, 520, 2948, 1758, 0] Fitness: [[1.4094086]] Classifier Val: [[0.]]
Counterfactual at location: 12,1: [29837, 2, 2, 2, 22, 0, -1, 0, 0, 0, 0, 23547, 28562, 29992, 25459, 26417, 5610, 1672, 1483, 520, 2948, 1758, 0] Fitness: [[1.3653773]] Classifier Val: [[0.]]
Counterfactual at location: 12,2: [29837, 2, 3, 2, 22, 0, 0, 0, 0, 0, 0, 23547, 28562, 30213, 25459, 26417, 5610, 1672, 1483, 520, 2948, 1758, 1686] Fitness: [[1.2787377]] Classifier Val: [[0.]]
Counterfactual at location: 12,3: [29837, 2, 4, 2, 22, -1, -1, 0, 0, 0, 0, 23547, 28562, 30213, 25459, 26417, 5610, 1672, 1483, 520, 2948, 1758, 0] Fitness: [[1.191781]] Classifier Val: [[0.]]
Counterfactual at location: 12,4: [29837, 1, 4, 2, 22, -1, 0, 0, 0, -1, 0, 23547, 28562, 30213, 25459, 26417, 5610, 1672, 1483, 520, 2948, 1758, 0] Fitness: [[1.1048245]] Classifier Val: [[0.]]
Counterfactual at location: 13,0: [30000, 2, 2, 3, 22, 0, 0, 0, 0, -1, 0, 23547, 28562, 30213, 25459, 26417, 5610, 1672, 1483, 520, 2948, 1758, 0] Fitness: [[1.3224521]] Classifier Val: [[0.]]
Counterfactual at location: 13,1: [29837, 2, 2, 3, 22, 0, 0, 0, 0, -1, 0, 23547, 28562, 30213, 25459, 26417, 5610, 1672, 1483, 520, 2948, 1758, 0] Fitness: [[1.2787377]] Classifier Val: [[0.]]
Counterfactual at location: 13,2: [29837, 2, 2, 2, 22, 2, 0, 0, -1, -1, 0, 23547, 28562, 30213, 25459, 26417, 5610, 1672, 1483, 520, 2948, 1758, 0] Fitness: [[1.191781]] Classifier Val: [[0.]]
Counterfactual at location: 13,3: [29837, 1, 4, 2, 22, 0, 0, 0, 1, 0, 0, 23547, 28562, 30213, 25459, 26417, 5610, 1672, 1483, 520, 2948, 1758, 1686] Fitness: [[1.1048245]] Classifier Val: [[0.]]
Counterfactual at location: 13,4: [29837, 1, 3, 3, 22, -1, 0, 0, 0, 0, 0, 23547, 28562, 29992, 25459, 26417, 5610, 1672, 1483, 520, 2948, 1758, 1686] Fitness: [[1.0175512]] Classifier Val: [[0.]]
Counterfactual at location: 14,0: [30000, 2, 2, 2, 22, 0, 0, -1, 1, -1, 0, 23547, 28562, 30213, 25459, 26417, 5610, 1672, 1483, 520, 2948, 1758, 0] Fitness: [[1.2354956]] Classifier Val: [[0.]]
Counterfactual at location: 14,1: [29837, 2, 2, 2, 22, 0, -1, 1, 0, -1, 0, 23547, 28562, 30213, 25459, 26417, 5610, 1672, 1483, 520, 2948, 1758, 0] Fitness: [[1.191781]] Classifier Val: [[0.]]
Counterfactual at location: 14,2: [29837, 2, 4, 2, 22, 0, 0, 1, 0, -1, 1, 23547, 28562, 30213, 25459, 26417, 5610, 1672, 1483, 520, 2948, 1758, 0] Fitness: [[1.1048245]] Classifier Val: [[0.]]
Counterfactual at location: 14,3: [29837, 1, 2, 2, 22, 2, -1, 0, 0, -1, 1, 23547, 28562, 30213, 25459, 26417, 5610, 1672, 1483, 520, 2948, 1758, 0] Fitness: [[1.017868]] Classifier Val: [[0.]]
Counterfactual at location: 14,4: [29837, 1, 1, 2, 22, -1, 0, 1, 0, -1, 1, 23547, 28562, 30213, 25459, 26417, 5610, 1672, 1483, 520, 2948, 1758, 0] Fitness: [[0.9309115]] Classifier Val: [[0.]]
Counterfactual at location: 15,0: [30000, 2, 2, 2, 22, 0, 0, 1, 1, -1, 0, 23547, 28562, 30213, 25459, 26417, 5610, 1672, 1483, 520, 2948, 1758, 1431] Fitness: [[1.1485391]] Classifier Val: [[0.]]
Counterfactual at location: 15,1: [29837, 2, 2, 3, 22, 0, -1, 1, 0, -1, 0, 23547, 28562, 30213, 25459, 26417, 5610, 1672, 1483, 520, 2948, 1758, 0] Fitness: [[1.1048245]] Classifier Val: [[0.]]
Counterfactual at location: 15,2: [29837, 2, 2, 3, 22, 1, -1, 1, 0, -1, 0, 23547, 28562, 30213, 25459, 26417, 5610, 1672, 1483, 520, 2948, 1758, 0] Fitness: [[1.017868]] Classifier Val: [[0.]]
Counterfactual at location: 15,3: [29837, 2, 1, 2, 22, 1, -1, 1, 0, -1, -1, 23547, 28562, 30213, 25459, 26417, 5610, 1672, 1483, 520, 2948, 1758, 0] Fitness: [[0.9309115]] Classifier Val: [[0.]]
Counterfactual at location: 15,4: [28921, 1, 3, 3, 22, 1, -1, 1, 0, -1, 0, 23547, 28562, 30213, 25459, 26417, 5610, 1672, 1483, 520, 2948, 1758, 0] Fitness: [[0.84262747]] Classifier Val: [[0.]]
Counterfactual at location: 16,0: [30000, 2, 2, 1, 22, 0, -1, 1, 1, 1, 0, 23547, 28562, 29992, 25459, 26417, 5610, 1672, 1483, 520, 2948, 1758, 0] Fitness: [[1.0612657]] Classifier Val: [[0.]]
Counterfactual at location: 16,1: [29837, 2, 2, 1, 22, 0, -1, 1, 1, 1, 0, 23547, 28562, 30213, 25459, 26417, 5610, 1672, 1483, 520, 2948, 1758, 0] Fitness: [[1.017868]] Classifier Val: [[0.]]
Counterfactual at location: 16,2: [29837, 2, 3, 2, 22, 0, -1, -1, 1, 0, -1, 23547, 28562, 30213, 25459, 26417, 5610, 1672, 1483, 520, 2948, 1758, 1686] Fitness: [[0.9309115]] Classifier Val: [[0.]]
Counterfactual at location: 16,3: [29837, 1, 2, 1, 22, 1, -1, 1, 0, -1, 0, 23547, 28562, 30213, 25459, 26417, 5610, 1672, 1483, 520, 2948, 1758, -1174] Fitness: [[0.843955]] Classifier Val: [[0.]]
Counterfactual at location: 16,4: [28921, 1, 3, 2, 22, -1, -1, 1, 0, 1, -1, 23547, 28562, 29992, 25459, 26417, 5610, 1672, 1483, 520, 2948, 1758, 119] Fitness: [[0.7553541]] Classifier Val: [[0.]]
Counterfactual at location: 17,0: [30000, 2, 2, 3, 22, 0, -1, 1, 1, 1, 0, 23547, 28562, 30213, 25459, 26417, 5610, 1672, 1483, 520, 2948, 1758, 293] Fitness: [[0.9746259]] Classifier Val: [[0.]]
Counterfactual at location: 17,1: [28921, 2, 2, 3, 22, 0, -1, 1, 1, 1, 0, 23547, 28562, 30213, 25459, 26417, 5610, 1672, 1483, 520, 2948, 1758, 293] Fitness: [[0.92958397]] Classifier Val: [[0.]]
Counterfactual at location: 17,2: [29837, 2, 2, 1, 22, 1, -1, 1, -1, 0, -1, 23547, 28562, 29992, 25459, 26360, 5610, 1672, 1483, 520, 2948, 1758, -1760] Fitness: [[0.8435444]] Classifier Val: [[0.]]
Counterfactual at location: 17,3: [29837, 2, 3, 3, 22, 1, -1, -1, -1, -1, 0, 23547, 28562, 30213, 25459, 26417, 5610, 1672, 1483, 520, 2948, 1758, 1686] Fitness: [[0.7569985]] Classifier Val: [[0.]]
Counterfactual at location: 17,4: [29837, 1, 1, 3, 22, 2, -1, 0, 1, -1, 1, 23547, 28562, 30213, 25459, 26417, 5610, 1672, 1483, 520, 2948, 1758, 293] Fitness: [[0.6700419]] Classifier Val: [[0.]]
Counterfactual at location: 18,0: [30000, 2, 2, 1, 22, 0, -1, 1, 1, -1, 2, 20199, 28562, 29992, 25459, 26417, 5610, 1672, 1483, 520, 2948, 1758, 427] Fitness: [[0.88222474]] Classifier Val: [[0.]]
Counterfactual at location: 18,1: [28921, 2, 2, 3, 22, 0, -1, 1, 1, 1, -1, 23547, 28562, 30213, 25459, 26417, 5610, 1672, 1483, 520, 2948, 1758, -1174] Fitness: [[0.84262747]] Classifier Val: [[0.]]
Counterfactual at location: 18,2: [28921, 1, 2, 3, 22, 0, -1, 1, 1, 2, -1, 23547, 28562, 29992, 25459, 26417, 5610, 1672, 1483, 520, 2948, 1758, -1174] Fitness: [[0.7553541]] Classifier Val: [[0.]]
Counterfactual at location: 18,3: [29837, 1, 2, 3, 22, -1, -1, 1, -1, -1, -1, 23547, 28562, 29992, 25459, 26417, 5610, 1672, 1483, 520, 2948, 1758, -1085] Fitness: [[0.66972506]] Classifier Val: [[0.]]
Counterfactual at location: 18,4: [29837, 1, 1, 1, 22, -1, -1, 1, 1, -1, 1, 23547, 28562, 30213, 25459, 26417, 5610, 1672, 1483, 520, 2948, 1758, 293] Fitness: [[0.5830853]] Classifier Val: [[0.]]
Counterfactual at location: 19,0: None
Counterfactual at location: 19,1: None
Counterfactual at location: 19,2: None
Counterfactual at location: 19,3: None
Counterfactual at location: 19,4: None
